1148676.250000
53232.843750
67172.414062
52175.937500
45353.871094
53662.250000
69029.257812
60527.964844
52701.480469
65066.050781
57401.316406
55993.566406
64602.527344
55364.726562
66277.468750
53872.796875
60911.050781
60474.347656
56701.089844
58208.515625
49084.207031
50266.558594
51891.722656
55880.003906
40366.210938
45391.191406
41838.656250
48201.867188
34919.300781
56239.082031
40714.398438
28957.906250
30129.199219
30112.056641
39096.406250
29398.697266
20132.193359
39287.222656
21273.449219
22113.125000
23768.751953
23012.171875
23813.529297
24992.474609
18486.232422
12410.864258
18044.152344
14348.701172
22547.896484
15604.632812
22057.792969
914.746338
6193.464355
-1748.714844
2291.655029
-896.808472
-11298.240234
-11488.444336
-366.260925
-19634.679688
-6313.117188
-12346.368164
-12507.710938
-19501.556641
-13355.172852
-24144.351562
-24387.154297
-26781.113281
-27699.554688
-19560.781250
-16147.707031
-29065.587891
-25407.357422
-19486.570312
-35355.187500
-31729.326172
-41823.332031
-44104.093750
-37965.515625
-34291.929688
-48388.910156
-49443.718750
-34900.640625
-55139.992188
-55715.371094
-51558.535156
-44328.210938
-40349.398438
-52769.613281
-47230.855469
-56138.960938
-47527.410156
-52965.335938
-54981.980469
-52356.207031
-48998.265625
-60548.304688
-50534.781250
-48788.722656
-51744.484375
-51088.968750
-56375.613281
-65164.578125
-53274.636719
-57752.035156
-55310.562500
-55655.746094
-65617.859375
-65013.746094
-65526.203125
-69110.421875
-60522.816406
-54518.554688
-56377.214844
-64811.054688
-51510.039062
-65325.144531
-58360.691406
-53177.757812
-50399.089844
-61434.335938
-60644.972656
-52552.968750
-48373.855469
-62265.566406
-54468.339844
-64151.695312
-55783.277344
-42175.085938
-48161.984375
-40798.890625
-53140.058594
-55070.128906
-46305.445312
-44944.640625
-46328.453125
-48896.527344
-39875.328125
-45670.519531
-34854.000000
-38107.699219
-27737.808594
-31295.128906
-39710.867188
-27169.558594
-31641.880859
-21595.359375
-24602.544922
-17814.681641
-22597.410156
-19861.783203
-25627.369141
-21337.634766
-22007.572266
-17285.423828
-14503.442383
-4804.641602
-6812.083008
-10272.261719
-11219.824219
-11237.939453
-4788.284180
-3381.444824
2903.664062
1608.434570
4484.375488
11339.690430
13985.701172
7622.609375
14920.329102
8059.264160
19414.289062
18299.277344
18938.099609
19125.005859
21896.310547
23437.396484
33991.578125
23049.072266
18951.869141
30265.042969
33031.671875
26335.486328
31486.154297
42657.558594
28582.669922
24666.136719
36687.843750
44829.132812
39325.222656
43799.652344
47765.578125
54025.023438
47014.277344
48747.812500
56453.203125
58780.691406
54479.507812
51794.187500
60785.402344
47611.121094
54322.585938
54445.296875
54311.875000
61047.523438
60978.546875
59457.648438
55592.726562
57593.277344
52515.777344
64384.218750
71376.679688
61088.500000
60790.050781
59061.464844
58281.121094
66252.679688
59908.425781
64661.675781
62738.828125
58536.507812
58950.886719
63746.050781
66475.070312
55396.054688
61042.148438
64544.734375
66510.640625
57724.433594
62089.535156
52534.160156
58509.347656
55220.820312
54087.578125
45230.019531
53229.695312
50392.589844
43632.281250
48528.464844
42145.367188
50456.636719
39133.398438
45521.175781
45484.128906
46996.480469
43121.121094
45000.015625
43035.531250
36379.402344
36990.878906
27960.183594
29453.093750
17363.636719
23092.304688
32312.550781
28139.916016
22364.199219
23844.392578
7942.227051
14635.079102
15637.137695
14198.120117
20135.775391
18426.894531
13145.060547
2493.941895
1793.662720
1342.047485
6691.847168
8102.970703
-8604.291016
-3663.720703
-5852.991699
3319.494141
-3530.031982
-6847.487305
-6501.199219
-5304.671387
-9345.484375
-22498.933594
-26801.066406
-15249.727539
-20578.148438
-19909.615234
-28736.488281
-23370.632812
-22858.126953
-25581.339844
-21443.148438
-39711.570312
-33161.707031
-30576.593750
-31212.482422
-38210.652344
-36902.851562
-38443.738281
-47757.031250
-34278.078125
-37680.910156
-53197.488281
-38667.382812
-56382.140625
-53989.765625
-45836.406250
-50205.781250
-53337.761719
-41656.039062
-56398.375000
-51027.031250
-62051.218750
-51414.484375
-53069.152344
-55687.363281
-55830.378906
-73851.335938
-59765.484375
-70912.179688
-54180.632812
-63741.414062
-56532.804688
-52304.117188
-60726.812500
-64107.312500
-66291.867188
-59341.621094
-70219.953125
-58216.093750
-60348.148438
-60874.812500
-62940.417969
-62649.429688
-61419.902344
-57895.730469
-49903.230469
-56830.687500
-61104.273438
-54268.816406
-52569.765625
-59143.957031
-51485.531250
-56758.761719
-55860.894531
-57841.898438
-58715.609375
-52239.812500
-52597.046875
-43417.195312
-49809.011719
-40155.062500
-44164.535156
-44432.765625
-43948.902344
-41110.792969
-40567.117188
-40353.640625
-32037.080078
-37809.980469
-34945.769531
-27786.677734
-35431.222656
-15975.982422
-26466.335938
-25650.195312
-26095.843750
-11345.278320
-25951.376953
-20050.167969
-21985.683594
-11914.776367
-18953.136719
-9768.612305
-15710.784180
-11831.779297
861.541687
-5103.326660
-2558.298584
-4617.675293
-9702.307617
6546.554688
9460.829102
3234.650879
12566.075195
5980.306152
12350.412109
2402.673096
15470.223633
11390.765625
11825.216797
25160.509766
18774.277344
28189.134766
30348.806641
27612.998047
29472.216797
25617.478516
32587.492188
27978.953125
29218.599609
26707.822266
29260.511719
31864.162109
43702.285156
39745.460938
37224.148438
42403.085938
39532.367188
61372.199219
44422.898438
36295.937500
49324.902344
48339.484375
54827.738281
41044.660156
48483.695312
66428.367188
52567.984375
58330.050781
59136.066406
59154.476562
60539.828125
65041.312500
59310.890625
52384.707031
75002.070312
59580.488281
63321.464844
67329.085938
59173.789062
65564.218750
65818.789062
55085.867188
54522.062500
69589.039062
59533.652344
49471.519531
59021.789062
56048.308594
76105.015625
55099.550781
69639.812500
62011.070312
62535.746094
63906.429688
62880.140625
53105.910156
53238.609375
54530.992188
59139.007812
63690.777344
53540.937500
56367.324219
60936.722656
47155.152344
60531.972656
46657.277344
49264.750000
42808.945312
41146.425781
45137.460938
46780.171875
46314.058594
37111.445312
37762.421875
29583.490234
41200.007812
28426.050781
31461.115234
40850.273438
28130.791016
30755.769531
23362.488281
12076.336914
20779.107422
25784.421875
18329.453125
25379.166016
25101.125000
22444.910156
12912.928711
15507.833008
1564.314941
1953.396240
6764.450684
4725.782227
-3625.666748
3966.146240
-3507.523193
1413.392944
295.261322
261.981873
324.823822
-2846.298828
-6890.160156
-16068.547852
-30905.251953
-16302.898438
-17507.144531
-21211.380859
-31434.087891
-20096.460938
-23790.210938
-13186.756836
-28550.929688
-26884.195312
-25895.798828
-28766.794922
-47034.281250
-38651.132812
-30918.533203
-46717.800781
-23840.384766
-42657.750000
